#A       sigma2  tau     lambda    accum
6.41847 10 3.16228 0.00795858 0 
6.41847 10 3.16228 0.0087547 0 
6.41847 10 3.16228 0.00963046 0 
6.41847 10 3.16228 0.0105938 0 
6.41847 10 3.16228 0.0116536 0 
6.41847 10 3.16228 0.0128193 0 
6.41847 10 3.16228 0.0141016 0 
6.41847 10 3.16228 0.0155123 0 
6.41847 10 3.16228 0.017064 0 
6.41847 10 3.16228 0.018771 0 
6.41847 10 3.16228 0.0206487 0 
6.41847 10 3.16228 0.0227143 0 
6.41847 10 3.16228 0.0249864 0 
6.41847 10 3.16228 0.0274859 0 
6.41847 10 3.16228 0.0302354 0 
6.41847 10 3.16228 0.0332599 0 
6.41847 10 3.16228 0.036587 0 
6.41847 10 3.16228 0.0402469 0 
6.41847 10 3.16228 0.0442729 0 
6.41847 10 3.16228 0.0487017 0 
6.41847 10 3.16228 0.0535735 0 
6.41847 10 3.16228 0.0589326 0 
6.41847 10 3.16228 0.0648278 0 
6.41847 10 3.16228 0.0713127 0 
6.41847 10 3.16228 0.0784463 0 
6.41847 10 3.16228 0.0862935 0 
6.41847 10 3.16228 0.0949257 0 
6.41847 10 3.16228 0.104421 0 
6.41847 10 3.16228 0.114867 0 
6.41847 10 3.16228 0.126357 0 
6.41847 10 3.16228 0.138997 0 
6.41847 10 3.16228 0.152902 0 
6.41847 10 3.16228 0.168197 0 
6.41847 10 3.16228 0.185022 0 
6.41847 10 3.16228 0.203531 0 
6.41847 10 3.16228 0.22389 0 
6.41847 10 3.16228 0.246287 0 
6.41847 10 3.16228 0.270923 0 
6.41847 10 3.16228 0.298025 0 
6.41847 10 3.16228 0.327837 0 
6.41847 10 3.16228 0.360632 0 
6.41847 10 3.16228 0.396707 0 
6.41847 10 3.16228 0.43639 0 
6.41847 10 3.16228 0.480044 0 
6.41847 10 3.16228 0.528064 0 
6.41847 10 3.16228 0.580888 0 
6.41847 10 3.16228 0.638996 0 
6.41847 10 3.16228 0.702916 0 
6.41847 10 3.16228 0.773231 0 
6.41847 10 3.16228 0.85058 0 
6.41847 10 3.16228 0.935666 0 
6.41847 10 3.16228 1.02926 0 
6.41847 10 3.16228 1.13222 0 
6.41847 10 3.16228 1.24548 0 
6.41847 10 3.16228 1.37007 0 
6.41847 10 3.16228 1.50712 0 
6.41847 10 3.16228 1.65789 0 
6.41847 10 3.16228 1.82373 0 
6.41847 10 3.16228 2.00616 0 
6.41847 10 3.16228 2.20685 0 
6.41847 10 3.16228 2.4276 0 
6.41847 10 3.16228 2.67044 0 
6.41847 10 3.16228 2.93758 0 
6.41847 10 3.16228 3.23143 0 
6.41847 10 3.16228 3.55468 0 
6.41847 10 3.16228 3.91027 0 
6.41847 10 3.16228 4.30142 0 
6.41847 10 3.16228 4.7317 0 
6.41847 10 3.16228 5.20503 0 
6.41847 10 3.16228 5.72571 0 
6.41847 10 3.16228 6.29846 0 
6.41847 10 3.16228 6.92852 0 
6.41847 10 3.16228 7.6216 0 
6.41847 10 3.16228 8.38401 0 
6.41847 10 3.16228 9.22269 0 
6.41847 10 3.16228 10.1453 0 
6.41847 10 3.16228 11.1601 0 
6.41847 10 3.16228 12.2765 0 
6.41847 10 3.16228 13.5046 0 
6.41847 10 3.16228 14.8555 0 
6.41847 10 3.16228 16.3415 0 
6.41847 10 3.16228 17.9762 0 
6.41847 10 3.16228 19.7744 0 
6.41847 10 3.16228 21.7525 0 
6.41847 10 3.16228 23.9284 0 
6.41847 10 3.16228 26.3221 0 
6.41847 10 3.16228 28.9552 0 
6.41847 10 3.16228 31.8516 0 
6.41847 10 3.16228 35.0378 0 
6.41847 10 3.16228 38.5428 0 
6.41847 10 3.16228 42.3983 0 
6.41847 10 3.16228 46.6396 0 
6.41847 10 3.16228 51.305 0 
6.41847 10 3.16228 56.4372 0 
6.41847 10 3.16228 62.0828 0 
6.41847 10 3.16228 68.2932 0 
6.41847 10 3.16228 75.1247 0 
6.41847 10 3.16228 82.6397 0 
6.41847 10 3.16228 90.9064 0 
6.41847 10 3.16228 100 0 
6.41847 10 3.16228 0.0325006 0 
6.41847 10 3.01645 0.0325006 0 
6.41847 9.52381 3.16228 0.0325006 0 
6.41847 10 3.16228 0.0313319 0 
6.41847 9.67742 3.32345 0.0317089 0 
6.41847 9.52381 3.50253 0.0313319 0 
6.41847 9.375 3.38101 0.0329166 0 
6.41847 9.72973 3.54506 0.0319671 0 
6.41847 9.83607 3.77473 0.0317089 0 
6.41847 9.18367 4.03721 0.0314563 0 
6.41847 8.82353 4.69341 0.0309667 0 
6.41847 9.375 4.69341 0.0299365 0 
6.41847 9.13706 5.72459 0.0303828 0 
6.41847 8.95522 8.45165 0.0299365 0 
6.41847 8.37209 10.3076 0.0289946 0 
6.41847 7.79221 91.9429 0.0278575 0 
6.41847 7.75862 68.9905 0.0290953 0 
6.41847 7.14286 9988.52 0.0286983 0 
6.41847 7.5419 9991.73 0.0272212 0 
6.41847 7.82609 9972.44 0.0280384 0 
6.41847 8.46395 7.61649 0.0299001 0 
6.41847 8.29493 11.1242 0.0294031 0 
6.41847 7.13342 9976.38 0.0277092 0 
6.41847 8.41777 12.7231 0.0293339 0 
6.41847 7.68501 9952.3 0.0281199 0 
6.41847 8.13355 16.0257 0.0290672 0 
6.41847 8.42069 10.7992 0.0306559 0 
6.41847 7.94037 31.8148 0.0284903 0 
6.41847 7.51575 9850.03 0.028446 0 
6.41847 8.17256 17.4162 0.0291048 0 
6.41847 8.43106 11.6119 0.0286762 0 
6.41847 7.91647 30.7722 0.0289889 0 
6.41847 7.88655 54.2583 0.0286527 0 
6.41847 8.07036 19.4388 0.028962 0 
6.41847 7.78708 51.4349 0.0285257 0 
6.41847 8.07265 20.8547 0.028957 0 
6.41847 7.88364 43.2635 0.0286593 0 
6.41847 8.02286 22.5346 0.0288855 0 
6.41847 8.06757 19.3154 0.0294175 0 
6.41847 8.03539 21.4156 0.029178 0 
6.41847 7.9114 29.0476 0.0290769 0 
6.41847 7.83316 36.166 0.0291374 0 
6.41847 8.06387 19.5479 0.0291036 0 
6.41847 7.95281 26.9047 0.0290175 0 
6.41847 7.91034 28.999 0.0292997 0 
6.41847 7.85525 33.8633 0.029513 0 
6.41847 7.81722 41.6687 0.0290836 0 
6.41847 7.97971 24.3721 0.0291543 0 
6.41847 7.98397 24.5731 0.0292367 0 
6.41847 8.02075 22.8173 0.0293176 0 
6.41847 7.96292 24.8102 0.029447 0 
6.41847 7.96798 23.8811 0.0296684 0 
6.41847 8.04523 20.8739 0.0294022 0 
6.41847 7.94363 26.4249 0.0293252 0 
6.41847 7.95066 25.4812 0.0296689 0 
6.41847 7.93622 26.0746 0.0299357 0 
6.41847 7.91484 26.3035 0.0300594 0 
6.41847 7.88072 27.2638 0.030495 0 
6.41847 7.91271 24.9414 0.030778 0 
6.41847 7.89734 24.2607 0.031581 0 
6.41847 7.8424 28.0709 0.0317251 0 
6.41847 7.81161 26.7876 0.0327403 0 
6.41847 7.75076 27.1589 0.0344292 0 
6.41847 7.77933 25.5769 0.0349237 0 
6.41847 7.7296 24.8097 0.037862 0 
6.41847 7.74196 23.1101 0.0376985 0 
6.41847 7.59028 25.6097 0.044239 0 
6.41847 7.44554 26.3424 0.0575167 0 
6.41847 7.52566 22.6223 0.0570141 0 
6.41847 7.39605 26.0569 0.0716065 0 
6.41847 7.23444 27.8327 0.156003 0 
6.41847 7.19993 24.9644 0.253323 0 
6.41847 7.59001 24.8482 0.0462733 0 
6.41847 7.32542 24.9255 0.0955478 0 
6.41847 7.38982 24.9061 0.0742382 0 
6.41847 7.2986 29.8953 0.0814889 0 
6.41847 7.19013 35.6324 0.105929 0 
6.41847 7.27879 27.2538 0.114105 0 
6.41847 7.40314 26.5644 0.0651375 0 
6.41847 7.31977 27.0201 0.0905331 0 
6.41847 7.38212 26.6769 0.0698999 0 
6.41847 7.32778 30.5596 0.0736784 0 
6.41847 7.29951 31.0418 0.0818104 0 
6.41847 7.2589 33.81 0.089666 0 
6.41847 7.2232 36.7538 0.0877908 0 
6.41847 7.13977 46.2661 0.0994191 0 
6.41847 7.2202 34.2547 0.0970187 0 
6.41847 7.30059 31.4063 0.0782861 0 
6.41847 7.2468 33.2493 0.0897561 0 
6.41847 7.28707 31.8476 0.0808411 0 
6.41847 7.24118 36.9044 0.0853266 0 
6.41847 7.2128 41.8104 0.0873997 0 
6.41847 7.20335 41.3902 0.0909518 0 
6.41847 7.12873 55.6593 0.0969664 0 
6.41847 7.25605 34.8963 0.085094 0 
6.41847 7.22479 41.7564 0.0876952 0 
6.41847 7.22558 44.8072 0.0876475 0 
6.41847 7.2592 37.2368 0.0828849 0 
6.41847 7.20852 47.2694 0.0867842 0 
6.41847 7.24411 37.3384 0.0855097 0 
6.41847 7.1955 43.6494 0.0912721 0 
6.41847 7.21132 41.8473 0.0890041 0 
6.41847 7.24068 38.7087 0.0873537 0 
6.41847 7.25471 37.3246 0.0873308 0 
6.41847 7.21639 43.5248 0.0906632 0 
6.41847 7.25265 39.6073 0.0880729 0 
6.41847 7.27349 38.5751 0.0876153 0 
6.41847 7.28582 35.5457 0.0846567 0 
6.41847 7.31845 33.3903 0.0853622 0 
6.41847 7.33076 34.2329 0.0844385 0 
6.41847 7.2749 39.1197 0.0857256 0 
6.41847 7.3001 38.9622 0.087194 0 
6.41847 7.30727 40.9299 0.0885266 0 
6.41847 7.33286 36.3864 0.0879471 0 
6.41847 7.27834 44.0942 0.0919709 0 
6.41847 7.33898 42.0061 0.0913574 0 
6.41847 7.37216 43.9617 0.0933635 0 
6.41847 7.39729 36.9063 0.0878816 0 
6.41847 7.45823 34.1266 0.0859827 0 
6.41847 7.42512 42.5428 0.0904457 0 
6.41847 7.47213 46.4769 0.0917544 0 
6.41847 7.56503 40.627 0.0920324 0 
6.41847 7.70085 40.4773 0.0939023 0 
6.41847 7.72008 36.2278 0.0876507 0 
6.41847 7.90666 33.3007 0.0850716 0 
6.41847 7.93474 46.4456 0.0946015 0 
6.41847 8.19658 56.6889 0.0996666 0 
6.41847 8.44653 37.4008 0.0931519 0 
6.41847 9.03568 34.0761 0.0938684 0 
6.41847 9.12595 37.531 0.0910197 0 
6.41847 10.0565 36.2134 0.0896497 0 
6.41847 10.5337 50.7507 0.105783 0 
6.41847 12.291 29.8859 0.0924777 0 
6.41847 16.3828 24.1825 0.08929 0 
6.41847 13.6707 40.797 0.0970584 0 
6.41847 18.3866 45.264 0.0987439 0 
6.41847 13.447 26.7804 0.0830988 0 
6.41847 18.8164 27.8318 0.0912844 0 
6.41847 15.4516 29.54 0.0908696 0 
6.41847 16.6311 32.9512 0.0875533 0 
6.41847 20.1971 34.7333 0.0853001 0 
6.41847 17.3517 45.8894 0.102385 0 
6.41847 14.2486 29.8883 0.0871419 0 
6.41847 14.1002 39.9605 0.0898172 0 
6.41847 13.5094 48.5316 0.089301 0 
6.41847 16.392 28.8134 0.0808672 0 
6.41847 15.6149 31.0952 0.0843371 0 
6.41847 16.7005 40.1689 0.0872014 0 
6.41847 18.2727 48.5249 0.0872312 0 
6.41847 15.8118 46.8431 0.092417 0 
6.41847 15.9121 62.7605 0.0971338 0 
6.41847 14.4438 58.2892 0.0920851 0 
6.41847 14.9348 48.883 0.0909045 0 
6.41847 17.9216 51.4377 0.0904153 0 
6.41847 14.8941 42.3202 0.0899659 0 
6.41847 13.9503 53.4005 0.0953656 0 
6.41847 15.9161 42.8202 0.0890961 0 
6.41847 16.1677 39.8471 0.0900386 0 
6.41847 15.2251 46.2596 0.0906863 0 
6.41847 14.8831 41.0085 0.0875494 0 
6.41847 15.5689 45.2338 0.0911451 0 
6.41847 16.299 47.4179 0.0906363 0 
6.41847 15.2221 43.4888 0.0901325 0 
6.41847 14.7986 47.3359 0.0922699 0 
6.41847 15.6212 43.8662 0.0898669 0 
6.41847 15.7203 42.2864 0.0900717 0 
6.41847 15.3459 45.1978 0.0905318 0 
6.41847 15.2242 43.1593 0.0892295 0 
6.41847 15.3089 43.6599 0.0897001 0 
6.41847 15.6315 44.9987 0.0899305 0 
6.41847 15.3224 43.8567 0.0900819 0 
6.41847 15.4871 42.4751 0.0892437 0 
6.41847 15.381 44.4848 0.0902059 0 
6.41847 15.0637 44.1299 0.0901243 0 
6.41847 15.478 43.9318 0.0899311 0 
6.41847 15.4791 44.5273 0.090449 0 
6.41847 15.3511 43.8736 0.0898861 0 
6.41847 15.4847 44.3359 0.0899332 0 
6.41847 15.4438 44.2151 0.0899703 0 
6.41847 15.4675 43.5381 0.0896542 0 
6.41847 15.4025 44.2443 0.0900673 0 
6.41847 15.5327 44.3894 0.0900933 0 
6.41847 15.3961 44.0014 0.0899378 0 
6.41847 15.4071 43.9035 0.0899871 0 
6.41847 15.3888 43.7493 0.0899955 0 
6.41847 15.4071 43.9035 0.0899871 1 
6.41847 15.4071 43.9035 0.0899871 1 
6.45437 15.4071 43.9038 0.0899871 1 
6.45437 15.4071 43.9038 0.0899871 1 
6.59793 15.4071 43.9051 0.0899871 1 
6.59793 15.4071 43.9051 0.0899871 1 
7.17219 15.4071 43.9104 0.0899871 1 
7.17219 15.4071 43.9104 0.0899871 1 
8.21304 15.4071 43.9199 0.0899871 1 
8.21304 15.4071 43.9199 0.0899871 1 
6.45437 15.4071 43.9038 0.0899871 1 
6.45437 15.4071 43.9038 0.0899871 1 
6.49026 15.4071 43.9041 0.0899871 1 
6.49026 15.4071 43.9041 0.0899871 1 
6.56204 15.4071 43.9048 0.0899871 1 
6.56204 15.4071 43.9048 0.0899871 1 
6.7056 15.4071 43.9061 0.0899871 1 
6.7056 15.4071 43.9061 0.0899871 1 
6.99274 15.4071 43.9087 0.0899871 1 
6.99274 15.4071 43.9087 0.0899871 1 
7.567 15.4071 43.914 0.0899871 1 
7.567 15.4071 43.914 0.0899871 1 
8.71552 15.4071 43.9245 0.0899871 1 
8.71552 15.4071 43.9245 0.0899871 1 
11.0126 15.4071 43.9456 0.0899871 1 
11.0126 15.4071 43.9456 0.0899871 1 
21.2983 15.4071 44.0326 0.0899871 1 
21.2983 15.4071 44.0326 0.0899871 1 
32.3822 15.4071 44.1143 0.0899871 1 
32.3822 15.4071 44.1143 0.0899871 1 
32.5326 15.4071 44.1056 0.0899871 1 
32.5326 15.4071 44.1056 0.0899871 1 
32.6849 15.4071 44.0858 0.0899871 1 
32.6849 15.4071 44.0858 0.0899871 1 
33.2942 15.4071 44.0067 0.0899871 1 
33.2942 15.4071 44.0067 0.0899871 1 
34.1754 15.4071 43.7963 0.0899871 1 
34.1754 15.4071 43.7963 0.0899871 1 
35.1367 15.4071 43.3862 0.0899871 1 
35.1367 15.4071 43.3862 0.0899871 1 
35.9551 15.4071 42.6254 0.0899871 1 
35.9551 15.4071 42.6254 0.0899871 1 
35.754 15.4071 41.5662 0.0899871 1 
35.754 15.4071 41.5662 0.0899871 1 
34.4168 15.4071 41.0323 0.0899871 1 
34.4168 15.4071 41.0323 0.0899871 1 
33.3202 15.4071 40.984 0.0899871 1 
33.3202 15.4071 40.984 0.0899871 1 
33.0938 15.4071 41.0651 0.0899871 1 
33.0938 15.4071 41.0651 0.0899871 1 
33.0786 15.4071 41.0897 0.0899871 1 
33.0786 15.4071 41.0897 0.0899871 1 
33.0786 15.4071 41.0897 0.0899871 0 
